	Amegilla_chlorocyanea	Ancylandrena_larreae	Andrena_aliciae	Andrena_amphibola	Andrena_astragali	Andrena_cerasifolii	Andrena_helianthi	Andrena_milwaukeensis	Andrena_miserabilis	Andrena_tridens	Andrena_vicina	Anopheles_gambiae	Anthidium_emarginatum	Anthidium_manicatum	Anthidium_oblongatum	Anthidium_palmarum	Anthophora_abrupta	Anthophora_californica	Anthophora_peritomae	Anthophora_urbana	Anthophora_villosula	Apis_mellifera	Augochlora_pura	Augochloropsis_metallica	Bombus_californicus	Bombus_caliginosus	Bombus_fervidus	Bombus_insularis	Bombus_occidentalis	Bombus_sonorus	Bombus_terrestris	Bombus_terricola	Bombus_vancouverensis_nearcticus	Bombus_vandykei	Calliopsis_andreniformis	Centris_inermis	Centris_pallida	Centris_rhodopus	Coelioxys_galactiae	Coelioxys_octodentatus	Coelioxys_rufitarsis	Colletes_inaequalis	Colletes_simulans	Colletes_ultravalidus	Diadasia_enavata	Dianthidium_ulkei	Dieunomia_bolliana	Dioxys_pacifica	Drosophila_melanogaster	Epeolus_scutellaris	Ericrocis_lata	Eulaema_meriana	Eulaema_nigrita	Eulonchopria_punctatissima	Exaerete_frontalis	Frieseomelitta_nigra	Gaesischia_exul	Habropoda_pallida	Heriades_leavitti	Hoplitis_anthocopoides	Hylaeus_ornatus	Hylaeus_volcanicus	Lithurgopsis_echinocacti	Martinapis_luteicornis	Megachile_campanulae	Megachile_frigida	Megachile_inimica	Megachile_latimanus	Megachile_petulans	Megachile_rugifrons	Megandrena_enceliae	Megandrena_mentzeliae	Melissodes_druriellus	Melissodes_trinodis	Mesoxaea_nigerrima	Nomada_cressoni	Nomada_luteoloides	Nomada_maculata	Nomada_obliterata	Nomada_vicina	Nomada_vincta	Oreopasites_vanduzeei	Osmia_bruneri	Osmia_cornifrons	Osmia_georgica	Osmia_lignaria_propinqua_CA	Osmia_lignaria_propinqua_UT	Osmia_lignaria_propinqua_WA	Osmia_ribifloris	Osmia_taurus	Osmia_unca	Panurginus_polytrichus	Perdita_maritima	Protandrena_mexicanorum	Protosmia_rubifloris	Protoxaea_gloriosa	Stelis_foederalis	Stelis_lateralis	Svastra_machaerantherae	Svastra_obliqua	Svastra_petulca	Townsendiella_pulchra	Trachusa_larreae	Trachusa_mitchelli	Triepeolus_kathrynae	Triepeolus_pectoralis	Trigona_fulviventris	Xenoglossa_angustior	Xylocopa_micans	Xylocopa_micheneri	Xylocopa_sonorina	Xylocopa_strandi	Zacosmia_maculata
Amegilla_chlorocyanea	9096	8828	8787	8819	8777	8805	8122	8782	8771	8780	8775	7425	8784	8451	8767	8765	8937	8944	8899	8934	8919	8710	8754	8476	8853	8854	8853	8840	8857	8865	8776	8827	8793	8860	8779	8852	8852	8822	8815	8799	8790	8765	8760	8760	8552	8796	8748	8762	7331	8844	8795	8854	8829	8566	8825	8656	8869	8870	8590	8793	8718	8732	8756	8797	8790	8507	8813	8823	8818	8798	8788	8773	8831	8860	8729	8824	8783	8840	8823	8854	8765	8800	8774	8775	8762	8692	8769	8763	8772	8776	8780	8046	8672	8752	8632	8758	8812	8845	8819	8510	8838	8815	8774	8790	8822	8859	8797	8387	8753	8798	8793	8803	8833
Ancylandrena_larreae	8828	9352	9004	9050	8999	9018	8303	8968	8966	8986	8962	7489	8852	8525	8848	8840	8935	8959	8892	8926	8911	8758	8856	8548	8903	8904	8924	8900	8898	8907	8816	8878	8852	8914	8945	8903	8935	8889	8908	8891	8891	8869	8879	8862	8536	8889	8832	8838	7375	8884	8845	8918	8881	8633	8875	8676	8937	8873	8671	8883	8849	8865	8837	8873	8869	8590	8897	8918	8907	8875	8967	8929	8894	8924	8871	8885	8839	8900	8865	8938	8777	8835	8868	8864	8856	8799	8874	8874	8865	8861	8866	8129	8781	8880	8716	8886	8928	8964	8892	8588	8924	8882	8839	8852	8892	8915	8827	8446	8802	8854	8855	8862	8852
Andrena_aliciae	8787	9004	9332	9063	9044	9023	8332	8984	9035	9018	8982	7476	8819	8491	8818	8805	8878	8892	8841	8859	8849	8709	8832	8551	8868	8857	8872	8855	8857	8875	8784	8833	8810	8867	8909	8842	8870	8825	8881	8857	8859	8844	8858	8836	8521	8852	8819	8828	7377	8835	8795	8849	8821	8628	8808	8635	8882	8831	8657	8848	8823	8835	8808	8811	8839	8567	8872	8877	8866	8859	8945	8908	8860	8890	8844	8856	8805	8875	8831	8898	8756	8809	8841	8836	8826	8774	8848	8846	8846	8829	8830	8123	8763	8853	8692	8859	8905	8931	8834	8527	8860	8846	8817	8833	8853	8859	8790	8398	8759	8804	8809	8814	8812
Andrena_amphibola	8819	9050	9063	9378	9094	9084	8385	9076	9037	9085	9069	7489	8841	8524	8850	8836	8919	8921	8866	8901	8892	8738	8869	8549	8888	8896	8900	8892	8891	8897	8815	8860	8841	8902	8927	8889	8902	8863	8909	8879	8885	8870	8887	8860	8531	8885	8843	8841	7386	8873	8836	8892	8869	8645	8850	8666	8922	8857	8662	8872	8868	8878	8831	8851	8872	8600	8902	8918	8909	8887	8965	8937	8883	8914	8860	8899	8843	8906	8860	8941	8779	8823	8881	8875	8861	8809	8884	8879	8874	8868	8872	8137	8794	8896	8709	8888	8926	8966	8879	8572	8905	8863	8842	8869	8871	8888	8822	8432	8781	8845	8846	8841	8853
Andrena_astragali	8777	8999	9044	9094	9344	9048	8357	9019	9051	9059	9037	7483	8833	8508	8837	8829	8870	8886	8833	8853	8843	8714	8837	8526	8869	8867	8882	8861	8868	8879	8793	8844	8821	8872	8900	8833	8869	8836	8886	8858	8863	8852	8862	8853	8518	8868	8821	8831	7365	8835	8809	8852	8822	8627	8813	8650	8891	8834	8642	8840	8851	8854	8805	8826	8850	8579	8874	8892	8881	8867	8938	8920	8864	8887	8818	8865	8820	8867	8831	8902	8752	8802	8859	8851	8841	8791	8861	8859	8855	8842	8847	8136	8780	8868	8678	8851	8918	8934	8854	8549	8882	8837	8825	8845	8838	8859	8800	8419	8773	8824	8820	8825	8828
Andrena_cerasifolii	8805	9018	9023	9084	9048	9370	8346	9031	9035	9081	9040	7518	8860	8542	8859	8864	8921	8931	8868	8909	8889	8826	8875	8536	8956	8945	8996	8933	8938	8952	8902	8915	8936	8944	8993	8879	8922	8883	8927	8887	8891	8893	8912	8886	8542	8908	8857	8861	7397	8876	8845	8900	8864	8640	8849	8697	8925	8884	8668	8872	8868	8888	8823	8849	8885	8620	8918	8937	8932	8909	8954	8929	8907	8927	8850	8924	8851	8897	8846	8938	8763	8852	8903	8908	8889	8881	8955	8950	8913	8879	8897	8120	8789	8882	8710	8906	8949	8970	8887	8583	8922	8880	8853	8860	8896	8913	8842	8460	8814	8867	8920	8876	8870
Andrena_helianthi	8122	8303	8332	8385	8357	8346	8512	8389	8340	8403	8410	6884	8180	7889	8177	8173	8218	8216	8175	8196	8203	8062	8191	7915	8223	8210	8220	8206	8213	8217	8148	8184	8151	8212	8222	8178	8194	8189	8219	8189	8191	8201	8208	8192	7914	8214	8181	8171	6797	8173	8167	8175	8161	8018	8159	8036	8214	8200	8005	8188	8204	8208	8131	8165	8200	7906	8223	8246	8219	8215	8269	8275	8194	8219	8169	8205	8158	8202	8160	8229	8113	8158	8217	8221	8200	8135	8210	8207	8214	8211	8209	7551	8150	8217	8052	8181	8241	8254	8163	7873	8203	8187	8187	8199	8196	8199	8175	7760	8136	8173	8161	8173	8187
Andrena_milwaukeensis	8782	8968	8984	9076	9019	9031	8389	9218	9008	9060	9061	7463	8831	8512	8822	8818	8857	8872	8826	8845	8843	8717	8844	8551	8875	8869	8875	8866	8870	8879	8791	8842	8809	8877	8891	8836	8857	8830	8871	8838	8838	8852	8854	8841	8553	8864	8827	8830	7363	8831	8820	8842	8827	8651	8813	8685	8879	8842	8654	8841	8853	8859	8787	8824	8848	8563	8872	8890	8873	8862	8943	8934	8855	8875	8812	8864	8824	8865	8822	8892	8770	8811	8863	8863	8845	8784	8860	8857	8866	8854	8857	8147	8799	8879	8688	8837	8909	8920	8823	8529	8852	8839	8827	8850	8839	8849	8823	8413	8780	8818	8825	8830	8834
Andrena_miserabilis	8771	8966	9035	9037	9051	9035	8340	9008	9306	9113	9010	7473	8834	8522	8825	8826	8847	8856	8823	8835	8830	8704	8843	8563	8863	8861	8861	8850	8863	8869	8787	8829	8806	8871	8884	8825	8839	8813	8878	8856	8854	8850	8851	8845	8519	8862	8822	8831	7355	8814	8803	8824	8807	8642	8789	8655	8859	8833	8645	8836	8836	8842	8790	8798	8844	8574	8876	8899	8872	8862	8934	8917	8848	8868	8824	8855	8807	8847	8819	8881	8751	8808	8862	8846	8839	8780	8857	8849	8855	8848	8847	8144	8776	8857	8683	8836	8902	8920	8807	8515	8841	8843	8835	8845	8827	8834	8796	8390	8770	8806	8814	8824	8820
Andrena_tridens	8780	8986	9018	9085	9059	9081	8403	9060	9113	9302	9076	7465	8853	8537	8844	8847	8883	8879	8829	8860	8858	8714	8858	8539	8891	8884	8891	8882	8885	8890	8806	8857	8828	8891	8910	8838	8864	8857	8888	8853	8855	8872	8881	8858	8529	8885	8843	8837	7351	8843	8825	8842	8819	8644	8816	8672	8886	8860	8646	8845	8863	8875	8797	8822	8864	8582	8895	8911	8896	8881	8933	8925	8872	8882	8826	8886	8825	8878	8818	8908	8755	8822	8876	8879	8861	8816	8890	8889	8883	8868	8874	8139	8800	8870	8688	8865	8921	8927	8835	8539	8871	8858	8846	8857	8856	8865	8815	8423	8788	8824	8826	8828	8842
Andrena_vicina	8775	8962	8982	9069	9037	9040	8410	9061	9010	9076	9219	7463	8839	8526	8827	8826	8865	8867	8824	8849	8849	8711	8844	8535	8878	8871	8881	8871	8874	8876	8793	8847	8814	8877	8889	8835	8851	8844	8869	8834	8837	8851	8864	8848	8542	8864	8827	8826	7353	8827	8822	8837	8811	8648	8813	8677	8876	8845	8653	8834	8853	8857	8783	8814	8851	8568	8873	8902	8881	8870	8926	8924	8851	8865	8810	8872	8819	8863	8818	8885	8759	8799	8865	8859	8837	8788	8864	8862	8859	8855	8859	8142	8801	8871	8686	8831	8912	8916	8821	8522	8843	8837	8831	8847	8835	8847	8818	8404	8782	8818	8820	8826	8833
Anopheles_gambiae	7425	7489	7476	7489	7483	7518	6884	7463	7473	7465	7463	8655	7428	7191	7418	7407	7465	7474	7456	7468	7450	7387	7554	7339	7470	7465	7511	7454	7463	7474	7443	7447	7445	7466	7527	7452	7447	7405	7470	7464	7470	7437	7457	7438	7287	7431	7432	7431	7852	7458	7424	7457	7439	7322	7447	7350	7479	7436	7345	7456	7443	7428	7431	7440	7446	7350	7467	7600	7465	7465	7481	7459	7454	7482	7436	7450	7415	7469	7460	7649	7421	7449	7442	7438	7423	7359	7423	7420	7443	7436	7441	6928	7385	7458	7367	7432	7474	7491	7454	7169	7473	7449	7437	7449	7453	7463	7438	7066	7377	7408	7475	7418	7435
Anthidium_emarginatum	8784	8852	8819	8841	8833	8860	8180	8831	8834	8853	8839	7428	9140	8679	8948	8986	8862	8866	8831	8859	8840	8715	8797	8511	8859	8864	8867	8853	8870	8870	8788	8844	8808	8868	8793	8831	8856	8835	8948	8925	8917	8817	8820	8812	8531	8956	8793	8877	7330	8844	8823	8840	8825	8603	8821	8665	8856	8843	8694	8908	8799	8802	8835	8800	8937	8633	8954	8960	8954	8934	8817	8817	8842	8846	8756	8852	8808	8849	8800	8868	8757	8814	8911	8915	8901	8833	8905	8909	8923	8909	8921	8089	8713	8787	8729	8790	8966	8973	8812	8516	8833	8839	8916	8931	8855	8865	8813	8391	8773	8814	8809	8827	8841
Anthidium_manicatum	8451	8525	8491	8524	8508	8542	7889	8512	8522	8537	8526	7191	8679	8984	8625	8652	8546	8536	8508	8532	8526	8392	8507	8189	8554	8552	8543	8535	8552	8551	8470	8527	8494	8549	8467	8496	8527	8511	8604	8577	8574	8496	8500	8495	8221	8616	8472	8546	7103	8510	8492	8521	8498	8292	8494	8358	8530	8522	8354	8562	8484	8485	8492	8475	8590	8338	8622	8652	8663	8599	8487	8497	8513	8524	8433	8529	8481	8516	8475	8554	8420	8487	8590	8583	8573	8513	8585	8585	8585	8585	8585	7799	8401	8467	8402	8461	8630	8642	8484	8198	8513	8516	8586	8590	8517	8528	8494	8078	8453	8496	8483	8511	8509
Anthidium_oblongatum	8767	8848	8818	8850	8837	8859	8177	8822	8825	8844	8827	7418	8948	8625	9130	8942	8868	8871	8824	8858	8847	8724	8787	8492	8871	8869	8875	8860	8874	8874	8784	8844	8808	8874	8794	8817	8857	8831	8937	8914	8912	8807	8810	8799	8528	8945	8787	8867	7323	8833	8809	8836	8827	8601	8816	8660	8853	8836	8686	8899	8796	8799	8827	8795	8932	8642	8948	8956	8953	8927	8816	8809	8831	8841	8758	8844	8790	8847	8800	8856	8744	8804	8903	8904	8905	8826	8899	8902	8913	8910	8917	8065	8695	8779	8726	8787	8962	8969	8812	8500	8831	8825	8905	8914	8838	8854	8797	8382	8759	8808	8796	8818	8838
Anthidium_palmarum	8765	8840	8805	8836	8829	8864	8173	8818	8826	8847	8826	7407	8986	8652	8942	9125	8857	8851	8825	8860	8848	8700	8786	8489	8854	8864	8856	8849	8859	8860	8781	8832	8802	8861	8790	8818	8847	8821	8926	8894	8893	8804	8812	8800	8523	8944	8783	8859	7308	8840	8810	8828	8805	8588	8805	8664	8849	8825	8666	8880	8793	8795	8815	8786	8922	8611	8934	8939	8936	8918	8812	8811	8836	8840	8751	8839	8786	8831	8781	8844	8739	8800	8907	8908	8906	8831	8906	8907	8917	8904	8917	8072	8695	8766	8712	8783	8966	8964	8810	8503	8842	8828	8899	8907	8837	8848	8799	8389	8770	8808	8796	8813	8829
Anthophora_abrupta	8937	8935	8878	8919	8870	8921	8218	8857	8847	8883	8865	7465	8862	8546	8868	8857	9310	9112	9026	9095	9091	8821	8839	8523	8958	8956	8966	8947	8955	8962	8871	8928	8895	8958	8880	8950	8972	8929	8903	8878	8880	8851	8854	8826	8607	8894	8821	8842	7380	8929	8876	8951	8922	8619	8915	8739	8973	8966	8678	8887	8807	8830	8834	8888	8882	8600	8911	8924	8911	8892	8850	8841	8938	8954	8816	8916	8865	8938	8886	8950	8827	8864	8871	8873	8862	8812	8889	8886	8867	8874	8871	8100	8739	8837	8729	8831	8912	8952	8938	8623	8956	8891	8854	8871	8930	8962	8886	8488	8847	8893	8892	8907	8903
Anthophora_californica	8944	8959	8892	8921	8886	8931	8216	8872	8856	8879	8867	7474	8866	8536	8871	8851	9112	9357	9033	9106	9076	8813	8853	8526	8960	8963	8977	8947	8960	8968	8870	8927	8904	8969	8895	8963	8985	8941	8922	8902	8902	8853	8852	8833	8596	8897	8828	8856	7379	8928	8881	8971	8930	8613	8922	8729	8985	8969	8676	8902	8814	8832	8852	8906	8883	8607	8913	8933	8925	8901	8860	8840	8938	8973	8834	8916	8865	8942	8903	8955	8824	8879	8868	8880	8861	8808	8887	8886	8877	8870	8873	8080	8735	8834	8718	8845	8921	8970	8955	8632	8969	8917	8848	8865	8936	8965	8882	8489	8843	8892	8895	8914	8909
Anthophora_peritomae	8899	8892	8841	8866	8833	8868	8175	8826	8823	8829	8824	7456	8831	8508	8824	8825	9026	9033	9217	9022	8990	8761	8821	8511	8910	8907	8923	8905	8915	8917	8834	8882	8852	8917	8840	8909	8931	8867	8878	8856	8859	8816	8825	8807	8579	8858	8801	8828	7362	8882	8841	8916	8889	8595	8882	8703	8935	8918	8647	8860	8771	8774	8815	8851	8848	8565	8874	8883	8880	8859	8834	8810	8888	8926	8797	8876	8823	8893	8852	8924	8791	8845	8828	8828	8818	8757	8836	8832	8830	8826	8838	8067	8702	8785	8688	8798	8882	8925	8891	8580	8909	8876	8822	8837	8880	8909	8849	8449	8806	8847	8852	8864	8873
Anthophora_urbana	8934	8926	8859	8901	8853	8909	8196	8845	8835	8860	8849	7468	8859	8532	8858	8860	9095	9106	9022	9316	9090	8803	8831	8517	8945	8946	8958	8934	8946	8956	8861	8917	8895	8953	8877	8938	8960	8904	8892	8878	8877	8844	8841	8826	8584	8891	8819	8833	7382	8915	8875	8948	8923	8602	8905	8723	8964	8963	8672	8888	8798	8816	8830	8893	8872	8595	8895	8924	8910	8888	8846	8837	8920	8955	8816	8907	8848	8932	8879	8942	8807	8863	8856	8854	8852	8794	8872	8869	8856	8846	8858	8078	8727	8818	8709	8827	8903	8945	8931	8610	8948	8893	8848	8863	8911	8946	8873	8468	8836	8883	8876	8886	8898
Anthophora_villosula	8919	8911	8849	8892	8843	8889	8203	8843	8830	8858	8849	7450	8840	8526	8847	8848	9091	9076	8990	9090	9256	8782	8818	8510	8926	8925	8939	8915	8924	8926	8844	8897	8869	8926	8852	8924	8937	8898	8877	8862	8860	8836	8832	8817	8588	8877	8810	8823	7366	8904	8863	8917	8898	8607	8895	8722	8947	8940	8658	8864	8798	8812	8813	8874	8858	8576	8884	8900	8896	8874	8840	8834	8910	8938	8802	8904	8844	8917	8871	8938	8809	8843	8844	8853	8847	8788	8864	8860	8853	8848	8855	8083	8724	8821	8711	8812	8889	8933	8906	8599	8923	8882	8839	8849	8912	8938	8864	8452	8834	8874	8867	8880	8891
Apis_mellifera	8710	8758	8709	8738	8714	8826	8062	8717	8704	8714	8711	7387	8715	8392	8724	8700	8821	8813	8761	8803	8782	9154	8687	8392	8882	8875	8945	8859	8867	8878	8820	8842	8902	8868	8760	8804	8821	8788	8763	8735	8735	8689	8692	8669	8481	8737	8674	8703	7314	8766	8729	8848	8803	8476	8797	8632	8808	8768	8529	8750	8657	8675	8694	8743	8733	8477	8764	8794	8782	8764	8706	8681	8777	8795	8656	8774	8714	8777	8728	8788	8664	8707	8734	8734	8723	8700	8770	8767	8742	8721	8735	7961	8567	8681	8561	8677	8770	8805	8760	8465	8782	8744	8692	8706	8775	8800	8771	8337	8703	8777	8808	8780	8766
Augochlora_pura	8754	8856	8832	8869	8837	8875	8191	8844	8843	8858	8844	7554	8797	8507	8787	8786	8839	8853	8821	8831	8818	8687	9795	8618	8844	8832	8849	8824	8841	8854	8767	8811	8790	8838	8820	8803	8828	8783	8847	8823	8820	8816	8822	8812	8511	8826	8835	8793	7475	8808	8781	8801	8780	8609	8782	8638	8825	8814	8623	8817	8802	8800	8756	8766	8813	9034	8855	9362	8847	8825	8820	8806	8809	8830	8758	8821	8784	8829	8792	8871	8732	8791	8813	8804	8796	8744	8821	8818	8814	8807	8820	8080	8700	8794	8660	8769	8859	8873	8796	8495	8817	8818	8805	8815	8814	8821	8774	8360	8733	8779	8791	8797	8808
Augochloropsis_metallica	8476	8548	8551	8549	8526	8536	7915	8551	8563	8539	8535	7339	8511	8189	8492	8489	8523	8526	8511	8517	8510	8392	8618	8753	8530	8521	8537	8509	8526	8532	8466	8495	8467	8527	8508	8509	8505	8482	8551	8542	8534	8526	8522	8523	8352	8510	8565	8506	7242	8501	8498	8490	8488	8448	8488	8421	8534	8509	8408	8531	8518	8521	8471	8490	8527	8244	8541	8566	8529	8529	8558	8554	8513	8524	8493	8523	8488	8535	8521	8547	8506	8495	8511	8502	8480	8409	8481	8481	8508	8503	8514	7971	8443	8534	8435	8480	8548	8546	8487	8192	8502	8507	8522	8524	8508	8510	8496	8071	8459	8484	8500	8499	8505
Bombus_californicus	8853	8903	8868	8888	8869	8956	8223	8875	8863	8891	8878	7470	8859	8554	8871	8854	8958	8960	8910	8945	8926	8882	8844	8530	9305	9150	9148	9142	9136	9184	9025	9120	9061	9147	8867	8941	8987	8962	8911	8883	8879	8840	8845	8832	8612	8900	8826	8850	7373	8910	8897	8973	8948	8620	8929	8796	8962	8931	8667	8881	8828	8843	8829	8885	8895	8621	8931	8944	8943	8918	8856	8843	8942	8962	8800	8935	8887	8929	8887	8955	8814	8868	8890	8885	8885	8839	8917	8913	8893	8881	8882	8081	8722	8812	8701	8831	8920	8940	8917	8609	8947	8906	8857	8876	8926	8943	8942	8492	8869	8918	8918	8927	8929
Bombus_caliginosus	8854	8904	8857	8896	8867	8945	8210	8869	8861	8884	8871	7465	8864	8552	8869	8864	8956	8963	8907	8946	8925	8875	8832	8521	9150	9296	9115	9135	9146	9148	9025	9128	9071	9204	8859	8948	8986	8958	8917	8881	8883	8841	8847	8831	8615	8906	8824	8852	7359	8917	8891	8977	8939	8621	8931	8799	8971	8927	8667	8883	8824	8841	8841	8889	8889	8621	8925	8948	8947	8919	8849	8838	8940	8958	8793	8938	8883	8935	8883	8954	8817	8863	8888	8890	8885	8845	8921	8915	8893	8884	8888	8080	8723	8808	8705	8828	8924	8946	8920	8610	8954	8907	8854	8874	8928	8945	8938	8495	8870	8921	8920	8914	8925
Bombus_fervidus	8853	8924	8872	8900	8882	8996	8220	8875	8861	8891	8881	7511	8867	8543	8875	8856	8966	8977	8923	8958	8939	8945	8849	8537	9148	9115	9337	9098	9109	9144	9069	9093	9120	9113	8921	8947	8981	8955	8915	8884	8881	8849	8854	8835	8625	8894	8830	8854	7413	8922	8891	8973	8946	8620	8936	8787	8966	8927	8675	8902	8820	8834	8853	8895	8904	8630	8925	8949	8952	8917	8863	8858	8933	8957	8810	8939	8880	8941	8894	8961	8821	8868	8896	8891	8885	8857	8933	8931	8895	8884	8890	8090	8732	8830	8712	8841	8920	8943	8925	8617	8956	8911	8854	8871	8937	8957	8925	8493	8871	8928	8972	8928	8926
Bombus_insularis	8840	8900	8855	8892	8861	8933	8206	8866	8850	8882	8871	7454	8853	8535	8860	8849	8947	8947	8905	8934	8915	8859	8824	8509	9142	9135	9098	9263	9138	9137	9001	9114	9029	9150	8855	8945	8967	8945	8899	8870	8876	8830	8833	8816	8604	8892	8808	8838	7360	8906	8879	8963	8933	8613	8926	8797	8954	8917	8662	8877	8811	8826	8830	8876	8886	8602	8920	8932	8924	8909	8841	8825	8927	8944	8791	8922	8876	8916	8874	8936	8802	8849	8883	8873	8875	8822	8901	8896	8883	8869	8875	8072	8714	8802	8698	8822	8907	8922	8901	8596	8931	8889	8846	8870	8917	8935	8929	8484	8856	8904	8912	8904	8919
Bombus_occidentalis	8857	8898	8857	8891	8868	8938	8213	8870	8863	8885	8874	7463	8870	8552	8874	8859	8955	8960	8915	8946	8924	8867	8841	8526	9136	9146	9109	9138	9322	9149	9051	9227	9061	9155	8860	8940	8973	8952	8919	8887	8887	8842	8844	8836	8618	8905	8828	8846	7363	8907	8894	8964	8943	8627	8929	8812	8956	8928	8675	8885	8824	8840	8839	8887	8899	8618	8937	8949	8947	8918	8856	8849	8936	8960	8798	8931	8889	8926	8887	8950	8817	8868	8900	8897	8890	8842	8921	8913	8898	8889	8901	8082	8730	8818	8706	8833	8917	8934	8918	8611	8945	8904	8864	8885	8926	8942	8940	8498	8872	8909	8920	8915	8929
Bombus_sonorus	8865	8907	8875	8897	8879	8952	8217	8879	8869	8890	8876	7474	8870	8551	8874	8860	8962	8968	8917	8956	8926	8878	8854	8532	9184	9148	9144	9137	9149	9305	9036	9129	9070	9158	8873	8947	8984	8963	8918	8885	8889	8850	8850	8839	8618	8905	8829	8859	7378	8920	8897	8978	8952	8623	8929	8805	8975	8931	8676	8889	8832	8851	8849	8897	8895	8625	8931	8947	8943	8918	8855	8843	8942	8965	8801	8941	8892	8929	8893	8954	8821	8867	8900	8891	8887	8843	8919	8915	8895	8883	8889	8091	8731	8818	8712	8837	8927	8946	8923	8616	8958	8904	8862	8879	8934	8950	8946	8502	8877	8918	8932	8926	8930
Bombus_terrestris	8776	8816	8784	8815	8793	8902	8148	8791	8787	8806	8793	7443	8788	8470	8784	8781	8871	8870	8834	8861	8844	8820	8767	8466	9025	9025	9069	9001	9051	9036	9195	9030	9010	9024	8813	8851	8877	8862	8827	8796	8794	8763	8779	8761	8548	8817	8749	8762	7347	8840	8803	8882	8855	8552	8833	8721	8878	8835	8591	8805	8752	8764	8759	8806	8812	8537	8841	8859	8860	8838	8771	8757	8852	8866	8720	8849	8800	8842	8801	8861	8734	8787	8818	8815	8807	8769	8842	8838	8822	8805	8814	8035	8657	8746	8632	8743	8837	8856	8836	8525	8858	8818	8774	8785	8843	8864	8843	8414	8788	8829	8870	8843	8842
Bombus_terricola	8827	8878	8833	8860	8844	8915	8184	8842	8829	8857	8847	7447	8844	8527	8844	8832	8928	8927	8882	8917	8897	8842	8811	8495	9120	9128	9093	9114	9227	9129	9030	9301	9043	9141	8838	8913	8952	8927	8883	8852	8854	8813	8820	8812	8595	8875	8797	8817	7348	8878	8868	8947	8915	8605	8907	8787	8934	8906	8648	8854	8799	8818	8808	8861	8867	8590	8902	8917	8913	8886	8821	8814	8918	8934	8771	8906	8863	8898	8853	8926	8790	8843	8870	8869	8860	8815	8894	8888	8869	8856	8871	8060	8706	8789	8676	8808	8892	8908	8892	8582	8921	8879	8828	8850	8900	8916	8919	8471	8849	8893	8898	8892	8904
Bombus_vancouverensis_nearcticus	8793	8852	8810	8841	8821	8936	8151	8809	8806	8828	8814	7445	8808	8494	8808	8802	8895	8904	8852	8895	8869	8902	8790	8467	9061	9071	9120	9029	9061	9070	9010	9043	9281	9069	8850	8886	8920	8895	8853	8819	8820	8780	8791	8779	8552	8837	8766	8786	7347	8861	8824	8920	8887	8552	8866	8720	8906	8865	8615	8829	8774	8786	8784	8828	8829	8572	8866	8886	8882	8853	8794	8784	8875	8895	8741	8879	8822	8870	8819	8893	8745	8811	8830	8834	8823	8798	8873	8868	8838	8820	8828	8015	8663	8764	8643	8776	8861	8890	8869	8561	8896	8848	8784	8800	8872	8891	8864	8437	8806	8862	8908	8863	8854
Bombus_vandykei	8860	8914	8867	8902	8872	8944	8212	8877	8871	8891	8877	7466	8868	8549	8874	8861	8958	8969	8917	8953	8926	8868	8838	8527	9147	9204	9113	9150	9155	9158	9024	9141	9069	9298	8869	8950	8985	8962	8918	8886	8890	8843	8848	8840	8616	8902	8828	8851	7368	8922	8894	8977	8949	8628	8937	8809	8971	8936	8670	8887	8827	8839	8846	8889	8898	8620	8933	8950	8948	8922	8852	8841	8940	8961	8799	8936	8894	8930	8888	8955	8822	8869	8896	8893	8887	8843	8920	8915	8896	8887	8894	8080	8727	8814	8707	8833	8923	8940	8923	8609	8953	8911	8857	8877	8933	8951	8940	8495	8875	8921	8932	8920	8927
Calliopsis_andreniformis	8779	8945	8909	8927	8900	8993	8222	8891	8884	8910	8889	7527	8793	8467	8794	8790	8880	8895	8840	8877	8852	8760	8820	8508	8867	8859	8921	8855	8860	8873	8813	8838	8850	8869	9297	8841	8857	8817	8855	8825	8831	8825	8835	8812	8526	8829	8787	8798	7400	8833	8783	8858	8831	8601	8813	8653	8884	8825	8636	8839	8793	8796	8794	8817	8816	8554	8854	8883	8865	8832	8880	8843	8845	8876	8819	8834	8784	8856	8822	8881	8736	8786	8819	8818	8804	8769	8843	8842	8827	8810	8820	8113	8746	8863	8675	8836	8862	8904	8833	8531	8865	8824	8795	8799	8825	8858	8791	8391	8752	8812	8881	8811	8801
Centris_inermis	8852	8903	8842	8889	8833	8879	8178	8836	8825	8838	8835	7452	8831	8496	8817	8818	8950	8963	8909	8938	8924	8804	8803	8509	8941	8948	8947	8945	8940	8947	8851	8913	8886	8950	8841	9293	9039	8966	8874	8863	8866	8809	8811	8793	8596	8855	8775	8821	7348	8908	8861	8973	8951	8598	8936	8731	8957	8886	8661	8858	8769	8785	8813	8886	8846	8562	8878	8881	8889	8867	8832	8812	8896	8935	8795	8874	8826	8895	8866	8920	8797	8817	8839	8840	8829	8757	8835	8830	8834	8837	8842	8073	8694	8796	8691	8804	8867	8912	8907	8590	8922	8876	8821	8839	8880	8911	8881	8447	8809	8859	8865	8882	8875
Centris_pallida	8852	8935	8870	8902	8869	8922	8194	8857	8839	8864	8851	7447	8856	8527	8857	8847	8972	8985	8931	8960	8937	8821	8828	8505	8987	8986	8981	8967	8973	8984	8877	8952	8920	8985	8857	9039	9341	9015	8912	8891	8890	8818	8828	8812	8600	8893	8801	8843	7344	8916	8878	9005	8968	8594	8950	8739	8990	8910	8661	8882	8793	8815	8839	8904	8864	8583	8896	8910	8908	8887	8830	8817	8936	8966	8802	8902	8853	8921	8869	8940	8795	8860	8864	8864	8858	8798	8878	8873	8862	8856	8867	8064	8710	8814	8693	8827	8914	8960	8955	8635	8975	8908	8836	8849	8915	8942	8896	8485	8826	8884	8886	8908	8894
Centris_rhodopus	8822	8889	8825	8863	8836	8883	8189	8830	8813	8857	8844	7405	8835	8511	8831	8821	8929	8941	8867	8904	8898	8788	8783	8482	8962	8958	8955	8945	8952	8963	8862	8927	8895	8962	8817	8966	9015	9224	8866	8839	8836	8807	8807	8784	8579	8862	8779	8805	7315	8877	8862	8941	8910	8578	8905	8730	8932	8873	8623	8841	8774	8792	8785	8874	8842	8553	8868	8882	8880	8861	8806	8796	8901	8914	8763	8883	8833	8890	8833	8901	8772	8824	8846	8838	8836	8771	8844	8846	8840	8840	8846	8058	8699	8792	8676	8791	8880	8913	8908	8574	8932	8870	8814	8832	8894	8918	8873	8470	8812	8872	8859	8878	8881
Coelioxys_galactiae	8815	8908	8881	8909	8886	8927	8219	8871	8878	8888	8869	7470	8948	8604	8937	8926	8903	8922	8878	8892	8877	8763	8847	8551	8911	8917	8915	8899	8919	8918	8827	8883	8853	8918	8855	8874	8912	8866	9241	9130	9128	8850	8852	8842	8566	8968	8826	8930	7367	8871	8847	8892	8866	8628	8861	8693	8903	8863	8727	8957	8831	8840	8876	8829	9001	8723	9034	9033	9027	9004	8873	8857	8875	8892	8814	8888	8832	8886	8857	8922	8793	8849	8941	8940	8934	8867	8942	8938	8947	8939	8939	8102	8731	8825	8768	8830	8980	9006	8868	8558	8890	8870	8943	8956	8888	8912	8843	8426	8793	8851	8858	8855	8864
Coelioxys_octodentatus	8799	8891	8857	8879	8858	8887	8189	8838	8856	8853	8834	7464	8925	8577	8914	8894	8878	8902	8856	8878	8862	8735	8823	8542	8883	8881	8884	8870	8887	8885	8796	8852	8819	8886	8825	8863	8891	8839	9130	9244	9160	8822	8823	8813	8549	8945	8801	8907	7368	8843	8826	8876	8853	8615	8842	8673	8895	8843	8727	8946	8802	8810	8862	8820	8977	8691	9013	9009	8996	8989	8855	8836	8846	8871	8798	8856	8808	8870	8847	8904	8776	8827	8917	8917	8909	8839	8911	8907	8918	8912	8919	8082	8711	8812	8768	8802	8958	8995	8846	8541	8868	8847	8915	8933	8855	8882	8819	8399	8765	8825	8833	8832	8837
Coelioxys_rufitarsis	8790	8891	8859	8885	8863	8891	8191	8838	8854	8855	8837	7470	8917	8574	8912	8893	8880	8902	8859	8877	8860	8735	8820	8534	8879	8883	8881	8876	8887	8889	8794	8854	8820	8890	8831	8866	8890	8836	9128	9160	9245	8822	8822	8812	8542	8941	8805	8904	7370	8843	8818	8884	8847	8614	8836	8674	8894	8837	8717	8943	8804	8808	8863	8808	8972	8688	9006	9001	8993	8980	8860	8838	8848	8869	8797	8853	8806	8869	8842	8902	8764	8816	8908	8915	8901	8837	8913	8909	8920	8913	8915	8090	8707	8808	8768	8801	8948	8988	8835	8539	8865	8837	8904	8924	8856	8878	8816	8398	8762	8823	8836	8829	8834
Colletes_inaequalis	8765	8869	8844	8870	8852	8893	8201	8852	8850	8872	8851	7437	8817	8496	8807	8804	8851	8853	8816	8844	8836	8689	8816	8526	8840	8841	8849	8830	8842	8850	8763	8813	8780	8843	8825	8809	8818	8807	8850	8822	8822	9141	9018	9004	8503	8837	8831	8812	7332	8811	8787	8815	8797	8651	8796	8642	8839	8815	8607	8821	8863	8870	8762	8773	8832	8543	8858	8870	8855	8843	8840	8830	8824	8840	8768	8834	8791	8829	8790	8861	8735	8784	8829	8822	8815	8751	8826	8824	8826	8822	8827	8099	8728	8811	8660	8807	8874	8885	8791	8494	8817	8821	8815	8822	8829	8841	8789	8379	8751	8800	8784	8799	8819
Colletes_simulans	8760	8879	8858	8887	8862	8912	8208	8854	8851	8881	8864	7457	8820	8500	8810	8812	8854	8852	8825	8841	8832	8692	8822	8522	8845	8847	8854	8833	8844	8850	8779	8820	8791	8848	8835	8811	8828	8807	8852	8823	8822	9018	9173	8992	8507	8852	8832	8809	7340	8810	8787	8812	8790	8650	8794	8641	8844	8811	8611	8814	8865	8876	8772	8772	8830	8557	8863	8874	8864	8837	8844	8825	8827	8846	8765	8841	8795	8836	8797	8866	8738	8787	8840	8832	8821	8768	8845	8842	8840	8831	8836	8101	8718	8808	8657	8806	8877	8891	8806	8502	8831	8830	8816	8820	8826	8834	8792	8385	8757	8798	8791	8803	8812
Colletes_ultravalidus	8760	8862	8836	8860	8853	8886	8192	8841	8845	8858	8848	7438	8812	8495	8799	8800	8826	8833	8807	8826	8817	8669	8812	8523	8832	8831	8835	8816	8836	8839	8761	8812	8779	8840	8812	8793	8812	8784	8842	8813	8812	9004	8992	9127	8507	8838	8819	8797	7324	8802	8779	8803	8787	8659	8780	8639	8824	8809	8607	8814	8858	8862	8756	8761	8820	8542	8848	8856	8845	8831	8834	8823	8815	8833	8767	8835	8784	8826	8788	8851	8730	8776	8828	8814	8801	8740	8814	8811	8822	8811	8823	8098	8708	8791	8646	8796	8867	8876	8793	8480	8810	8820	8809	8815	8819	8825	8780	8368	8756	8792	8772	8795	8804
Diadasia_enavata	8552	8536	8521	8531	8518	8542	7914	8553	8519	8529	8542	7287	8531	8221	8528	8523	8607	8596	8579	8584	8588	8481	8511	8352	8612	8615	8625	8604	8618	8618	8548	8595	8552	8616	8526	8596	8600	8579	8566	8549	8542	8503	8507	8507	8779	8543	8501	8522	7202	8573	8566	8576	8576	8461	8574	8558	8626	8585	8474	8571	8495	8497	8501	8580	8547	8271	8573	8585	8557	8557	8537	8536	8609	8613	8472	8569	8538	8598	8577	8597	8573	8536	8541	8541	8529	8449	8524	8517	8537	8541	8552	8011	8451	8544	8507	8476	8565	8575	8572	8277	8593	8565	8546	8558	8569	8587	8596	8170	8535	8560	8575	8567	8577
Dianthidium_ulkei	8796	8889	8852	8885	8868	8908	8214	8864	8862	8885	8864	7431	8956	8616	8945	8944	8894	8897	8858	8891	8877	8737	8826	8510	8900	8906	8894	8892	8905	8905	8817	8875	8837	8902	8829	8855	8893	8862	8968	8945	8941	8837	8852	8838	8543	9191	8808	8901	7328	8865	8847	8879	8861	8613	8842	8683	8889	8870	8697	8915	8830	8833	8850	8822	8946	8649	8974	8967	8975	8953	8845	8837	8874	8879	8774	8881	8829	8881	8836	8887	8770	8836	8948	8930	8936	8868	8944	8941	8936	8931	8933	8090	8733	8797	8751	8809	9021	9036	8841	8536	8863	8858	8925	8929	8869	8893	8835	8419	8788	8842	8841	8845	8855
Dieunomia_bolliana	8748	8832	8819	8843	8821	8857	8181	8827	8822	8843	8827	7432	8793	8472	8787	8783	8821	8828	8801	8819	8810	8674	8835	8565	8826	8824	8830	8808	8828	8829	8749	8797	8766	8828	8787	8775	8801	8779	8826	8801	8805	8831	8832	8819	8501	8808	9059	8782	7329	8787	8778	8795	8771	8618	8772	8642	8812	8803	8592	8787	8801	8808	8753	8753	8805	8521	8837	8851	8824	8821	8826	8829	8790	8795	8768	8812	8774	8807	8761	8822	8730	8777	8795	8790	8785	8715	8791	8790	8792	8797	8801	8085	8706	8781	8644	8778	8824	8839	8766	8462	8794	8800	8792	8802	8810	8813	8772	8342	8741	8775	8767	8778	8807
Dioxys_pacifica	8762	8838	8828	8841	8831	8861	8171	8830	8831	8837	8826	7431	8877	8546	8867	8859	8842	8856	8828	8833	8823	8703	8793	8506	8850	8852	8854	8838	8846	8859	8762	8817	8786	8851	8798	8821	8843	8805	8930	8907	8904	8812	8809	8797	8522	8901	8782	9112	7344	8818	8807	8827	8804	8580	8786	8647	8841	8813	8672	8884	8784	8782	8816	8775	8888	8605	8920	8932	8911	8910	8811	8804	8822	8842	8751	8830	8782	8831	8792	8854	8738	8794	8889	8884	8877	8818	8890	8888	8886	8881	8892	8076	8690	8772	8706	8770	8927	8947	8792	8497	8814	8832	8862	8872	8821	8835	8798	8363	8748	8793	8792	8804	8821
Drosophila_melanogaster	7331	7375	7377	7386	7365	7397	6797	7363	7355	7351	7353	7852	7330	7103	7323	7308	7380	7379	7362	7382	7366	7314	7475	7242	7373	7359	7413	7360	7363	7378	7347	7348	7347	7368	7400	7348	7344	7315	7367	7368	7370	7332	7340	7324	7202	7328	7329	7344	8861	7357	7324	7361	7340	7226	7349	7250	7382	7337	7262	7373	7342	7323	7337	7348	7349	7295	7369	7543	7361	7363	7378	7358	7351	7380	7338	7348	7311	7370	7359	7718	7324	7340	7346	7336	7326	7261	7314	7315	7340	7334	7338	6839	7289	7364	7276	7339	7365	7393	7336	7070	7369	7344	7330	7344	7355	7363	7329	6965	7284	7322	7376	7335	7334
Epeolus_scutellaris	8844	8884	8835	8873	8835	8876	8173	8831	8814	8843	8827	7458	8844	8510	8833	8840	8929	8928	8882	8915	8904	8766	8808	8501	8910	8917	8922	8906	8907	8920	8840	8878	8861	8922	8833	8908	8916	8877	8871	8843	8843	8811	8810	8802	8573	8865	8787	8818	7357	9203	8881	8917	8890	8588	8886	8701	8927	8874	8631	8847	8782	8798	8804	8855	8840	8567	8870	8890	8883	8860	8829	8807	8886	8907	8789	8929	8873	8945	8905	8943	8830	8878	8838	8836	8835	8773	8844	8845	8841	8833	8845	8067	8706	8794	8675	8808	8871	8910	8878	8571	8905	8907	8830	8838	8979	9011	8849	8435	8816	8855	8858	8866	8898
Ericrocis_lata	8795	8845	8795	8836	8809	8845	8167	8820	8803	8825	8822	7424	8823	8492	8809	8810	8876	8881	8841	8875	8863	8729	8781	8498	8897	8891	8891	8879	8894	8897	8803	8868	8824	8894	8783	8861	8878	8862	8847	8826	8818	8787	8787	8779	8566	8847	8778	8807	7324	8881	9107	8865	8846	8591	8840	8685	8873	8847	8613	8829	8772	8783	8769	8804	8829	8543	8849	8869	8855	8838	8800	8793	8852	8857	8749	8889	8852	8895	8843	8911	8806	8850	8823	8817	8814	8747	8822	8820	8826	8816	8829	8087	8690	8776	8667	8773	8861	8876	8844	8524	8856	8878	8811	8827	8891	8908	8825	8402	8787	8833	8830	8845	8882
Eulaema_meriana	8854	8918	8849	8892	8852	8900	8175	8842	8824	8842	8837	7457	8840	8521	8836	8828	8951	8971	8916	8948	8917	8848	8801	8490	8973	8977	8973	8963	8964	8978	8882	8947	8920	8977	8858	8973	9005	8941	8892	8876	8884	8815	8812	8803	8576	8879	8795	8827	7361	8917	8865	9514	9192	8588	9061	8730	8974	8891	8651	8869	8780	8797	8828	8897	8853	8582	8885	8902	8903	8876	8836	8810	8914	8949	8806	8905	8848	8911	8871	8928	8786	8846	8849	8856	8852	8801	8875	8872	8856	8845	8848	8062	8695	8805	8691	8826	8908	8951	8927	8598	8937	8882	8819	8835	8900	8936	8889	8470	8819	8884	8887	8898	8894
Eulaema_nigrita	8829	8881	8821	8869	8822	8864	8161	8827	8807	8819	8811	7439	8825	8498	8827	8805	8922	8930	8889	8923	8898	8803	8780	8488	8948	8939	8946	8933	8943	8952	8855	8915	8887	8949	8831	8951	8968	8910	8866	8853	8847	8797	8790	8787	8576	8861	8771	8804	7340	8890	8846	9192	9371	8585	8997	8725	8932	8868	8650	8858	8764	8775	8793	8863	8843	8563	8867	8881	8874	8854	8805	8796	8877	8910	8788	8866	8829	8891	8855	8903	8784	8823	8843	8834	8826	8757	8831	8828	8829	8829	8837	8055	8681	8781	8689	8784	8864	8911	8882	8575	8896	8855	8813	8823	8877	8907	8871	8440	8797	8853	8868	8852	8872
Eulonchopria_punctatissima	8566	8633	8628	8645	8627	8640	8018	8651	8642	8644	8648	7322	8603	8292	8601	8588	8619	8613	8595	8602	8607	8476	8609	8448	8620	8621	8620	8613	8627	8623	8552	8605	8552	8628	8601	8598	8594	8578	8628	8615	8614	8651	8650	8659	8461	8613	8618	8580	7226	8588	8591	8588	8585	8835	8584	8554	8612	8611	8513	8620	8640	8641	8560	8565	8616	8333	8637	8652	8625	8620	8656	8658	8591	8606	8563	8606	8579	8621	8600	8626	8602	8561	8614	8602	8589	8508	8579	8576	8604	8609	8617	8095	8564	8640	8549	8582	8639	8639	8561	8262	8580	8601	8620	8624	8599	8604	8595	8172	8566	8590	8582	8587	8594
Exaerete_frontalis	8825	8875	8808	8850	8813	8849	8159	8813	8789	8816	8813	7447	8821	8494	8816	8805	8915	8922	8882	8905	8895	8797	8782	8488	8929	8931	8936	8926	8929	8929	8833	8907	8866	8937	8813	8936	8950	8905	8861	8842	8836	8796	8794	8780	8574	8842	8772	8786	7349	8886	8840	9061	8997	8584	9294	8726	8927	8869	8631	8849	8760	8772	8798	8862	8830	8546	8862	8865	8859	8849	8809	8791	8871	8900	8766	8870	8821	8877	8851	8900	8779	8815	8828	8822	8820	8757	8830	8828	8829	8824	8832	8058	8688	8786	8675	8783	8863	8899	8879	8565	8905	8849	8804	8817	8881	8910	8864	8425	8790	8851	8847	8848	8870
Frieseomelitta_nigra	8656	8676	8635	8666	8650	8697	8036	8685	8655	8672	8677	7350	8665	8358	8660	8664	8739	8729	8703	8723	8722	8632	8638	8421	8796	8799	8787	8797	8812	8805	8721	8787	8720	8809	8653	8731	8739	8730	8693	8673	8674	8642	8641	8639	8558	8683	8642	8647	7250	8701	8685	8730	8725	8554	8726	8929	8739	8721	8547	8691	8632	8636	8628	8682	8684	8406	8717	8728	8703	8702	8653	8667	8712	8714	8606	8707	8673	8706	8677	8708	8680	8664	8688	8692	8670	8600	8672	8671	8691	8680	8695	8032	8571	8641	8587	8612	8706	8708	8676	8368	8699	8690	8688	8688	8701	8722	8810	8291	8672	8699	8717	8708	8704
Gaesischia_exul	8869	8937	8882	8922	8891	8925	8214	8879	8859	8886	8876	7479	8856	8530	8853	8849	8973	8985	8935	8964	8947	8808	8825	8534	8962	8971	8966	8954	8956	8975	8878	8934	8906	8971	8884	8957	8990	8932	8903	8895	8894	8839	8844	8824	8626	8889	8812	8841	7382	8927	8873	8974	8932	8612	8927	8739	9338	8919	8669	8885	8818	8824	8846	9012	8874	8599	8900	8918	8907	8891	8867	8845	9014	9060	8808	8916	8873	8939	8896	8953	8813	8863	8871	8866	8862	8808	8884	8882	8869	8856	8869	8094	8744	8841	8708	8834	8916	8959	9045	8712	9056	8897	8850	8869	8909	8932	8897	8561	8847	8897	8905	8909	8894
Habropoda_pallida	8870	8873	8831	8857	8834	8884	8200	8842	8833	8860	8845	7436	8843	8522	8836	8825	8966	8969	8918	8963	8940	8768	8814	8509	8931	8927	8927	8917	8928	8931	8835	8906	8865	8936	8825	8886	8910	8873	8863	8843	8837	8815	8811	8809	8585	8870	8803	8813	7337	8874	8847	8891	8868	8611	8869	8721	8919	9158	8633	8845	8796	8811	8787	8852	8857	8581	8888	8907	8892	8872	8830	8825	8892	8903	8774	8891	8840	8872	8846	8907	8795	8837	8849	8849	8844	8768	8841	8840	8857	8845	8857	8074	8714	8792	8675	8801	8876	8893	8865	8553	8893	8878	8825	8839	8880	8897	8871	8448	8825	8855	8844	8867	8891
Heriades_leavitti	8590	8671	8657	8662	8642	8668	8005	8654	8645	8646	8653	7345	8694	8354	8686	8666	8678	8676	8647	8672	8658	8529	8623	8408	8667	8667	8675	8662	8675	8676	8591	8648	8615	8670	8636	8661	8661	8623	8727	8727	8717	8607	8611	8607	8474	8697	8592	8672	7262	8631	8613	8651	8650	8513	8631	8547	8669	8633	8955	8750	8608	8592	8647	8611	8716	8433	8735	8749	8726	8724	8641	8632	8638	8672	8597	8633	8592	8667	8634	8673	8614	8603	8710	8706	8691	8616	8686	8684	8712	8701	8718	8033	8541	8633	8724	8595	8737	8763	8619	8323	8638	8632	8694	8713	8636	8641	8619	8186	8571	8617	8626	8628	8624
Hoplitis_anthocopoides	8793	8883	8848	8872	8840	8872	8188	8841	8836	8845	8834	7456	8908	8562	8899	8880	8887	8902	8860	8888	8864	8750	8817	8531	8881	8883	8902	8877	8885	8889	8805	8854	8829	8887	8839	8858	8882	8841	8957	8946	8943	8821	8814	8814	8571	8915	8787	8884	7373	8847	8829	8869	8858	8620	8849	8691	8885	8845	8750	9180	8792	8802	8852	8823	8941	8643	8968	8978	8957	8950	8838	8819	8843	8874	8784	8839	8799	8860	8831	8882	8767	8794	8921	8919	8912	8839	8915	8914	8926	8908	8928	8092	8701	8809	8785	8797	8943	8977	8839	8537	8865	8843	8916	8924	8851	8873	8822	8402	8762	8824	8828	8823	8839
Hylaeus_ornatus	8718	8849	8823	8868	8851	8868	8204	8853	8836	8863	8853	7443	8799	8484	8796	8793	8807	8814	8771	8798	8798	8657	8802	8518	8828	8824	8820	8811	8824	8832	8752	8799	8774	8827	8793	8769	8793	8774	8831	8802	8804	8863	8865	8858	8495	8830	8801	8784	7342	8782	8772	8780	8764	8640	8760	8632	8818	8796	8608	8792	9113	8971	8744	8762	8816	8537	8843	8850	8843	8834	8830	8825	8797	8812	8746	8813	8762	8811	8763	8839	8717	8756	8821	8809	8797	8737	8811	8808	8812	8804	8806	8075	8720	8793	8643	8766	8867	8872	8774	8457	8794	8789	8798	8804	8803	8807	8772	8359	8733	8768	8766	8774	8787
Hylaeus_volcanicus	8732	8865	8835	8878	8854	8888	8208	8859	8842	8875	8857	7428	8802	8485	8799	8795	8830	8832	8774	8816	8812	8675	8800	8521	8843	8841	8834	8826	8840	8851	8764	8818	8786	8839	8796	8785	8815	8792	8840	8810	8808	8870	8876	8862	8497	8833	8808	8782	7323	8798	8783	8797	8775	8641	8772	8636	8824	8811	8592	8802	8971	9128	8760	8760	8816	8540	8847	8852	8847	8837	8818	8819	8804	8820	8750	8834	8781	8817	8765	8842	8720	8768	8830	8819	8809	8748	8827	8823	8824	8817	8816	8071	8725	8797	8636	8798	8874	8879	8783	8469	8808	8804	8799	8809	8818	8822	8772	8372	8753	8786	8782	8794	8796
Lithurgopsis_echinocacti	8756	8837	8808	8831	8805	8823	8131	8787	8790	8797	8783	7431	8835	8492	8827	8815	8834	8852	8815	8830	8813	8694	8756	8471	8829	8841	8853	8830	8839	8849	8759	8808	8784	8846	8794	8813	8839	8785	8876	8862	8863	8762	8772	8756	8501	8850	8753	8816	7337	8804	8769	8828	8793	8560	8798	8628	8846	8787	8647	8852	8744	8760	9171	8769	8840	8566	8865	8881	8874	8850	8795	8771	8795	8832	8751	8801	8762	8813	8785	8834	8724	8754	8832	8831	8816	8762	8835	8834	8833	8828	8827	8041	8654	8763	8688	8757	8872	8910	8791	8492	8816	8787	8815	8827	8793	8819	8766	8350	8719	8765	8782	8774	8787
Martinapis_luteicornis	8797	8873	8811	8851	8826	8849	8165	8824	8798	8822	8814	7440	8800	8475	8795	8786	8888	8906	8851	8893	8874	8743	8766	8490	8885	8889	8895	8876	8887	8897	8806	8861	8828	8889	8817	8886	8904	8874	8829	8820	8808	8773	8772	8761	8580	8822	8753	8775	7348	8855	8804	8897	8863	8565	8862	8682	9012	8852	8611	8823	8762	8760	8769	9256	8819	8531	8840	8860	8853	8831	8806	8790	8952	8991	8743	8852	8808	8871	8841	8887	8759	8806	8811	8803	8802	8738	8810	8810	8808	8796	8811	8052	8680	8782	8667	8767	8842	8880	8991	8661	8993	8837	8793	8807	8842	8864	8826	8514	8789	8844	8837	8841	8826
